{
 "cells": [
  {
   "cell_type": "markdown",
   "id": "alike-passion",
   "metadata": {},
   "source": [
    "# NumPy\n"
   ]
  },
  {
   "cell_type": "code",
   "execution_count": 2,
   "id": "seasonal-joseph",
   "metadata": {},
   "outputs": [],
   "source": [
    "import numpy as np"
   ]
  },
  {
   "cell_type": "code",
   "execution_count": 3,
   "id": "decimal-register",
   "metadata": {},
   "outputs": [],
   "source": [
    "my_arr = np.arange(1000000)\n",
    "\n",
    "my_list = list(range(1000000))"
   ]
  },
  {
   "cell_type": "code",
   "execution_count": 4,
   "id": "corrected-swiss",
   "metadata": {},
   "outputs": [
    {
     "name": "stdout",
     "output_type": "stream",
     "text": [
      "CPU times: user 26.5 ms, sys: 19.3 ms, total: 45.8 ms\n",
      "Wall time: 58.3 ms\n"
     ]
    }
   ],
   "source": [
    "%time for _ in range(10): my_arr2 = my_arr * 2"
   ]
  },
  {
   "cell_type": "code",
   "execution_count": 5,
   "id": "corporate-casino",
   "metadata": {},
   "outputs": [
    {
     "name": "stdout",
     "output_type": "stream",
     "text": [
      "CPU times: user 805 ms, sys: 249 ms, total: 1.05 s\n",
      "Wall time: 1.12 s\n"
     ]
    }
   ],
   "source": [
    "%time for _ in range(10): my_list2 = [x * 2 for x in my_list]"
   ]
  },
  {
   "cell_type": "markdown",
   "id": "accompanied-laundry",
   "metadata": {},
   "source": [
    "### Creating ndarrays"
   ]
  },
  {
   "cell_type": "code",
   "execution_count": 6,
   "id": "specialized-august",
   "metadata": {},
   "outputs": [],
   "source": [
    "data2 = [[1, 2, 3, 4], [5, 6, 7, 8]]"
   ]
  },
  {
   "cell_type": "code",
   "execution_count": 7,
   "id": "tamil-morning",
   "metadata": {},
   "outputs": [],
   "source": [
    "arr2 = np.array(data2)"
   ]
  },
  {
   "cell_type": "code",
   "execution_count": 8,
   "id": "retired-crown",
   "metadata": {},
   "outputs": [
    {
     "data": {
      "text/plain": [
       "array([[1, 2, 3, 4],\n",
       "       [5, 6, 7, 8]])"
      ]
     },
     "execution_count": 8,
     "metadata": {},
     "output_type": "execute_result"
    }
   ],
   "source": [
    "arr2"
   ]
  },
  {
   "cell_type": "code",
   "execution_count": 9,
   "id": "southwest-pencil",
   "metadata": {},
   "outputs": [
    {
     "data": {
      "text/plain": [
       "2"
      ]
     },
     "execution_count": 9,
     "metadata": {},
     "output_type": "execute_result"
    }
   ],
   "source": [
    "arr2.ndim"
   ]
  },
  {
   "cell_type": "code",
   "execution_count": 10,
   "id": "indie-footage",
   "metadata": {},
   "outputs": [
    {
     "data": {
      "text/plain": [
       "(2, 4)"
      ]
     },
     "execution_count": 10,
     "metadata": {},
     "output_type": "execute_result"
    }
   ],
   "source": [
    "arr2.shape"
   ]
  },
  {
   "cell_type": "code",
   "execution_count": 11,
   "id": "recorded-century",
   "metadata": {},
   "outputs": [
    {
     "data": {
      "text/plain": [
       "array([0., 0., 0., 0., 0., 0., 0., 0., 0., 0.])"
      ]
     },
     "execution_count": 11,
     "metadata": {},
     "output_type": "execute_result"
    }
   ],
   "source": [
    "np.zeros(10)"
   ]
  },
  {
   "cell_type": "code",
   "execution_count": 13,
   "id": "expensive-netscape",
   "metadata": {},
   "outputs": [
    {
     "data": {
      "text/plain": [
       "array([[0., 0., 0., 0., 0., 0.],\n",
       "       [0., 0., 0., 0., 0., 0.],\n",
       "       [0., 0., 0., 0., 0., 0.]])"
      ]
     },
     "execution_count": 13,
     "metadata": {},
     "output_type": "execute_result"
    }
   ],
   "source": [
    "np.zeros((3,6))"
   ]
  },
  {
   "cell_type": "code",
   "execution_count": 14,
   "id": "finnish-password",
   "metadata": {},
   "outputs": [
    {
     "data": {
      "text/plain": [
       "array([ 0,  1,  2,  3,  4,  5,  6,  7,  8,  9, 10, 11, 12, 13, 14])"
      ]
     },
     "execution_count": 14,
     "metadata": {},
     "output_type": "execute_result"
    }
   ],
   "source": [
    "np.arange(15)\n"
   ]
  },
  {
   "cell_type": "markdown",
   "id": "alleged-copper",
   "metadata": {},
   "source": [
    "### Datatypes for ndarrays"
   ]
  },
  {
   "cell_type": "code",
   "execution_count": 15,
   "id": "indirect-creativity",
   "metadata": {},
   "outputs": [],
   "source": [
    "arr = np.array([3.7, -1.2, -2.6, 0.5, 12.9, 10.1])"
   ]
  },
  {
   "cell_type": "code",
   "execution_count": 16,
   "id": "weird-lounge",
   "metadata": {},
   "outputs": [
    {
     "data": {
      "text/plain": [
       "array([ 3.7, -1.2, -2.6,  0.5, 12.9, 10.1])"
      ]
     },
     "execution_count": 16,
     "metadata": {},
     "output_type": "execute_result"
    }
   ],
   "source": [
    "arr"
   ]
  },
  {
   "cell_type": "code",
   "execution_count": 17,
   "id": "democratic-country",
   "metadata": {},
   "outputs": [
    {
     "data": {
      "text/plain": [
       "array([ 3, -1, -2,  0, 12, 10], dtype=int32)"
      ]
     },
     "execution_count": 17,
     "metadata": {},
     "output_type": "execute_result"
    }
   ],
   "source": [
    "arr.astype(np.int32)"
   ]
  },
  {
   "cell_type": "markdown",
   "id": "electoral-thumb",
   "metadata": {},
   "source": [
    "### Boolean Indexing"
   ]
  },
  {
   "cell_type": "code",
   "execution_count": 18,
   "id": "spatial-typing",
   "metadata": {},
   "outputs": [],
   "source": [
    "names = np.array(['Bob', 'Joe', 'Will', 'Bob', 'Will', 'Joe', 'Joe'])"
   ]
  },
  {
   "cell_type": "code",
   "execution_count": 19,
   "id": "collective-playing",
   "metadata": {},
   "outputs": [],
   "source": [
    "data = np.random.randn(7,4)"
   ]
  },
  {
   "cell_type": "code",
   "execution_count": 20,
   "id": "legal-booking",
   "metadata": {},
   "outputs": [
    {
     "data": {
      "text/plain": [
       "array(['Bob', 'Joe', 'Will', 'Bob', 'Will', 'Joe', 'Joe'], dtype='<U4')"
      ]
     },
     "execution_count": 20,
     "metadata": {},
     "output_type": "execute_result"
    }
   ],
   "source": [
    "names"
   ]
  },
  {
   "cell_type": "code",
   "execution_count": 21,
   "id": "confirmed-permit",
   "metadata": {},
   "outputs": [
    {
     "data": {
      "text/plain": [
       "array([[-0.55154366, -0.52408904, -0.8691962 ,  0.92440421],\n",
       "       [ 2.44814239, -1.07146598, -0.4971869 ,  0.18966932],\n",
       "       [-0.33417909,  0.21267055,  1.40757252, -2.01277865],\n",
       "       [ 0.91902986,  0.56182722,  0.30364179,  0.54233015],\n",
       "       [ 1.25015499, -0.73934842, -1.11472073, -1.01691883],\n",
       "       [-1.22102112, -1.59105262, -0.24175975, -0.84097235],\n",
       "       [ 1.8310234 , -0.83012849,  0.25623919, -2.51547846]])"
      ]
     },
     "execution_count": 21,
     "metadata": {},
     "output_type": "execute_result"
    }
   ],
   "source": [
    "data"
   ]
  },
  {
   "cell_type": "code",
   "execution_count": 22,
   "id": "acoustic-suggestion",
   "metadata": {},
   "outputs": [
    {
     "data": {
      "text/plain": [
       "array([ True, False, False,  True, False, False, False])"
      ]
     },
     "execution_count": 22,
     "metadata": {},
     "output_type": "execute_result"
    }
   ],
   "source": [
    "names == \"Bob\""
   ]
  },
  {
   "cell_type": "code",
   "execution_count": 23,
   "id": "driving-brain",
   "metadata": {},
   "outputs": [
    {
     "data": {
      "text/plain": [
       "array([[-0.55154366, -0.52408904, -0.8691962 ,  0.92440421],\n",
       "       [ 0.91902986,  0.56182722,  0.30364179,  0.54233015]])"
      ]
     },
     "execution_count": 23,
     "metadata": {},
     "output_type": "execute_result"
    }
   ],
   "source": [
    "data[names == \"Bob\"]"
   ]
  },
  {
   "cell_type": "code",
   "execution_count": 24,
   "id": "orange-weight",
   "metadata": {},
   "outputs": [
    {
     "data": {
      "text/plain": [
       "array([[-0.8691962 ,  0.92440421],\n",
       "       [ 0.30364179,  0.54233015]])"
      ]
     },
     "execution_count": 24,
     "metadata": {},
     "output_type": "execute_result"
    }
   ],
   "source": [
    "data[names == \"Bob\", 2:]"
   ]
  },
  {
   "cell_type": "code",
   "execution_count": 25,
   "id": "australian-barrel",
   "metadata": {},
   "outputs": [
    {
     "data": {
      "text/plain": [
       "array([0.92440421, 0.54233015])"
      ]
     },
     "execution_count": 25,
     "metadata": {},
     "output_type": "execute_result"
    }
   ],
   "source": [
    "data[names == \"Bob\", 3]"
   ]
  },
  {
   "cell_type": "markdown",
   "id": "invisible-parallel",
   "metadata": {},
   "source": [
    "Negating a condition by using **~**"
   ]
  },
  {
   "cell_type": "code",
   "execution_count": 26,
   "id": "caring-submission",
   "metadata": {},
   "outputs": [
    {
     "data": {
      "text/plain": [
       "array([[ 2.44814239, -1.07146598, -0.4971869 ,  0.18966932],\n",
       "       [-0.33417909,  0.21267055,  1.40757252, -2.01277865],\n",
       "       [ 1.25015499, -0.73934842, -1.11472073, -1.01691883],\n",
       "       [-1.22102112, -1.59105262, -0.24175975, -0.84097235],\n",
       "       [ 1.8310234 , -0.83012849,  0.25623919, -2.51547846]])"
      ]
     },
     "execution_count": 26,
     "metadata": {},
     "output_type": "execute_result"
    }
   ],
   "source": [
    "data[~(names == \"Bob\")]"
   ]
  },
  {
   "cell_type": "markdown",
   "id": "arbitrary-colombia",
   "metadata": {},
   "source": [
    "Selecting two of the three names to combine multiple boolean conditions, use boolean arithmetic operators like **& (and)** and **| (or)**"
   ]
  },
  {
   "cell_type": "code",
   "execution_count": 27,
   "id": "faced-sullivan",
   "metadata": {},
   "outputs": [],
   "source": [
    "mask = (names == \"Bob\") | (names == \"Will\")"
   ]
  },
  {
   "cell_type": "code",
   "execution_count": 29,
   "id": "global-duration",
   "metadata": {},
   "outputs": [
    {
     "data": {
      "text/plain": [
       "array([[-0.55154366, -0.52408904, -0.8691962 ,  0.92440421],\n",
       "       [-0.33417909,  0.21267055,  1.40757252, -2.01277865],\n",
       "       [ 0.91902986,  0.56182722,  0.30364179,  0.54233015],\n",
       "       [ 1.25015499, -0.73934842, -1.11472073, -1.01691883]])"
      ]
     },
     "execution_count": 29,
     "metadata": {},
     "output_type": "execute_result"
    }
   ],
   "source": [
    "data[mask]"
   ]
  },
  {
   "cell_type": "code",
   "execution_count": 31,
   "id": "established-leonard",
   "metadata": {},
   "outputs": [],
   "source": [
    "arr = np.empty((8,4))"
   ]
  },
  {
   "cell_type": "code",
   "execution_count": 34,
   "id": "organizational-browser",
   "metadata": {},
   "outputs": [
    {
     "data": {
      "text/plain": [
       "array([[0., 0., 0., 0.],\n",
       "       [1., 1., 1., 1.],\n",
       "       [2., 2., 2., 2.],\n",
       "       [3., 3., 3., 3.],\n",
       "       [4., 4., 4., 4.],\n",
       "       [5., 5., 5., 5.],\n",
       "       [6., 6., 6., 6.],\n",
       "       [7., 7., 7., 7.]])"
      ]
     },
     "execution_count": 34,
     "metadata": {},
     "output_type": "execute_result"
    }
   ],
   "source": [
    "for i in range(8):\n",
    "    arr[i] = [i]\n",
    "arr"
   ]
  },
  {
   "cell_type": "markdown",
   "id": "romance-berkeley",
   "metadata": {},
   "source": [
    "### Transposing Arrays and Swaping Axes"
   ]
  },
  {
   "cell_type": "code",
   "execution_count": 36,
   "id": "considered-alberta",
   "metadata": {},
   "outputs": [],
   "source": [
    "arr = np.arange(15).reshape((3,5))"
   ]
  },
  {
   "cell_type": "code",
   "execution_count": 37,
   "id": "stupid-employment",
   "metadata": {},
   "outputs": [
    {
     "data": {
      "text/plain": [
       "array([[ 0,  1,  2,  3,  4],\n",
       "       [ 5,  6,  7,  8,  9],\n",
       "       [10, 11, 12, 13, 14]])"
      ]
     },
     "execution_count": 37,
     "metadata": {},
     "output_type": "execute_result"
    }
   ],
   "source": [
    "arr"
   ]
  },
  {
   "cell_type": "code",
   "execution_count": 38,
   "id": "swedish-yesterday",
   "metadata": {},
   "outputs": [
    {
     "data": {
      "text/plain": [
       "array([[ 0,  5, 10],\n",
       "       [ 1,  6, 11],\n",
       "       [ 2,  7, 12],\n",
       "       [ 3,  8, 13],\n",
       "       [ 4,  9, 14]])"
      ]
     },
     "execution_count": 38,
     "metadata": {},
     "output_type": "execute_result"
    }
   ],
   "source": [
    "arr.T"
   ]
  },
  {
   "cell_type": "markdown",
   "id": "designing-liechtenstein",
   "metadata": {},
   "source": [
    "### Universal Functions: Fast Elements-Wise Array Functions"
   ]
  },
  {
   "cell_type": "code",
   "execution_count": 40,
   "id": "detailed-movement",
   "metadata": {},
   "outputs": [
    {
     "data": {
      "text/plain": [
       "array([0, 1, 2, 3, 4, 5, 6, 7, 8, 9])"
      ]
     },
     "execution_count": 40,
     "metadata": {},
     "output_type": "execute_result"
    }
   ],
   "source": [
    "arr = np.arange(10)\n",
    "arr"
   ]
  },
  {
   "cell_type": "code",
   "execution_count": 41,
   "id": "automatic-logan",
   "metadata": {},
   "outputs": [
    {
     "data": {
      "text/plain": [
       "array([0.        , 1.        , 1.41421356, 1.73205081, 2.        ,\n",
       "       2.23606798, 2.44948974, 2.64575131, 2.82842712, 3.        ])"
      ]
     },
     "execution_count": 41,
     "metadata": {},
     "output_type": "execute_result"
    }
   ],
   "source": [
    "np.sqrt(arr)"
   ]
  },
  {
   "cell_type": "code",
   "execution_count": 42,
   "id": "enhanced-keeping",
   "metadata": {},
   "outputs": [
    {
     "data": {
      "text/plain": [
       "array([1.00000000e+00, 2.71828183e+00, 7.38905610e+00, 2.00855369e+01,\n",
       "       5.45981500e+01, 1.48413159e+02, 4.03428793e+02, 1.09663316e+03,\n",
       "       2.98095799e+03, 8.10308393e+03])"
      ]
     },
     "execution_count": 42,
     "metadata": {},
     "output_type": "execute_result"
    }
   ],
   "source": [
    "np.exp(arr)"
   ]
  },
  {
   "cell_type": "code",
   "execution_count": 43,
   "id": "canadian-trash",
   "metadata": {},
   "outputs": [],
   "source": [
    "x = np.random.randn(8)\n",
    "\n",
    "y = np.random.randn(8)"
   ]
  },
  {
   "cell_type": "code",
   "execution_count": 44,
   "id": "thick-productivity",
   "metadata": {},
   "outputs": [
    {
     "data": {
      "text/plain": [
       "array([-0.5109964 ,  0.41599417,  0.15551946, -0.21043784,  0.8160163 ,\n",
       "       -0.21279311, -0.42759633, -0.69023158])"
      ]
     },
     "execution_count": 44,
     "metadata": {},
     "output_type": "execute_result"
    }
   ],
   "source": [
    "x"
   ]
  },
  {
   "cell_type": "code",
   "execution_count": 45,
   "id": "adjustable-dance",
   "metadata": {},
   "outputs": [
    {
     "data": {
      "text/plain": [
       "array([-0.0244381 ,  0.89307717,  2.11307363, -0.78141466, -0.94686881,\n",
       "        0.18520666,  0.16590637,  0.32902046])"
      ]
     },
     "execution_count": 45,
     "metadata": {},
     "output_type": "execute_result"
    }
   ],
   "source": [
    "y"
   ]
  },
  {
   "cell_type": "code",
   "execution_count": 46,
   "id": "speaking-answer",
   "metadata": {},
   "outputs": [
    {
     "data": {
      "text/plain": [
       "array([-0.0244381 ,  0.89307717,  2.11307363, -0.21043784,  0.8160163 ,\n",
       "        0.18520666,  0.16590637,  0.32902046])"
      ]
     },
     "execution_count": 46,
     "metadata": {},
     "output_type": "execute_result"
    }
   ],
   "source": [
    "np.maximum(x,y)"
   ]
  },
  {
   "cell_type": "code",
   "execution_count": 47,
   "id": "listed-breeding",
   "metadata": {},
   "outputs": [],
   "source": [
    "points = np.arange(-5, 5, 0.01)"
   ]
  },
  {
   "cell_type": "code",
   "execution_count": 51,
   "id": "weighted-atlanta",
   "metadata": {},
   "outputs": [],
   "source": [
    "xs, ys = np.meshgrid(points, points)"
   ]
  },
  {
   "cell_type": "code",
   "execution_count": 52,
   "id": "processed-flight",
   "metadata": {},
   "outputs": [
    {
     "data": {
      "text/plain": [
       "array([[-5.  , -5.  , -5.  , ..., -5.  , -5.  , -5.  ],\n",
       "       [-4.99, -4.99, -4.99, ..., -4.99, -4.99, -4.99],\n",
       "       [-4.98, -4.98, -4.98, ..., -4.98, -4.98, -4.98],\n",
       "       ...,\n",
       "       [ 4.97,  4.97,  4.97, ...,  4.97,  4.97,  4.97],\n",
       "       [ 4.98,  4.98,  4.98, ...,  4.98,  4.98,  4.98],\n",
       "       [ 4.99,  4.99,  4.99, ...,  4.99,  4.99,  4.99]])"
      ]
     },
     "execution_count": 52,
     "metadata": {},
     "output_type": "execute_result"
    }
   ],
   "source": [
    "ys"
   ]
  },
  {
   "cell_type": "code",
   "execution_count": 53,
   "id": "comprehensive-atlas",
   "metadata": {},
   "outputs": [],
   "source": [
    "z = np.sqrt(xs ** 2 + ys ** 2)"
   ]
  },
  {
   "cell_type": "code",
   "execution_count": 54,
   "id": "organized-attachment",
   "metadata": {},
   "outputs": [
    {
     "data": {
      "text/plain": [
       "array([[7.07106781, 7.06400028, 7.05693985, ..., 7.04988652, 7.05693985,\n",
       "        7.06400028],\n",
       "       [7.06400028, 7.05692568, 7.04985815, ..., 7.04279774, 7.04985815,\n",
       "        7.05692568],\n",
       "       [7.05693985, 7.04985815, 7.04278354, ..., 7.03571603, 7.04278354,\n",
       "        7.04985815],\n",
       "       ...,\n",
       "       [7.04988652, 7.04279774, 7.03571603, ..., 7.0286414 , 7.03571603,\n",
       "        7.04279774],\n",
       "       [7.05693985, 7.04985815, 7.04278354, ..., 7.03571603, 7.04278354,\n",
       "        7.04985815],\n",
       "       [7.06400028, 7.05692568, 7.04985815, ..., 7.04279774, 7.04985815,\n",
       "        7.05692568]])"
      ]
     },
     "execution_count": 54,
     "metadata": {},
     "output_type": "execute_result"
    }
   ],
   "source": [
    "z"
   ]
  },
  {
   "cell_type": "markdown",
   "id": "entertaining-kansas",
   "metadata": {},
   "source": [
    "### Expressing Conditional Logic as Array Operations"
   ]
  },
  {
   "cell_type": "code",
   "execution_count": 55,
   "id": "compatible-lighter",
   "metadata": {},
   "outputs": [],
   "source": [
    "xarr = np.array([1.1, 1.2, 1.3, 1.4, 1.5])\n",
    "\n",
    "yarr = np.array([2.1, 2.2, 2.3, 2.4, 2.5])\n",
    "\n",
    "cond = np.array([True, False, True, True, False])"
   ]
  },
  {
   "cell_type": "code",
   "execution_count": 56,
   "id": "threatened-subsection",
   "metadata": {},
   "outputs": [
    {
     "data": {
      "text/plain": [
       "array([1.1, 2.2, 1.3, 1.4, 2.5])"
      ]
     },
     "execution_count": 56,
     "metadata": {},
     "output_type": "execute_result"
    }
   ],
   "source": [
    "result = np.where(cond, xarr, yarr)\n",
    "result"
   ]
  },
  {
   "cell_type": "code",
   "execution_count": 57,
   "id": "turkish-cursor",
   "metadata": {},
   "outputs": [],
   "source": [
    "arr = np.random.randn(4,4)"
   ]
  },
  {
   "cell_type": "code",
   "execution_count": 58,
   "id": "joined-lucas",
   "metadata": {},
   "outputs": [
    {
     "data": {
      "text/plain": [
       "array([[ 0.98261489, -1.26033692,  0.52611479, -0.72796231],\n",
       "       [-0.52453272, -0.41681955,  0.20866421,  0.06317215],\n",
       "       [ 0.56663536, -1.42888158, -0.20856032,  0.98948222],\n",
       "       [-0.11365413, -0.42516417, -0.70645726, -0.11342193]])"
      ]
     },
     "execution_count": 58,
     "metadata": {},
     "output_type": "execute_result"
    }
   ],
   "source": [
    "arr"
   ]
  },
  {
   "cell_type": "code",
   "execution_count": 59,
   "id": "straight-temperature",
   "metadata": {},
   "outputs": [
    {
     "data": {
      "text/plain": [
       "array([[ True, False,  True, False],\n",
       "       [False, False,  True,  True],\n",
       "       [ True, False, False,  True],\n",
       "       [False, False, False, False]])"
      ]
     },
     "execution_count": 59,
     "metadata": {},
     "output_type": "execute_result"
    }
   ],
   "source": [
    "arr > 0"
   ]
  },
  {
   "cell_type": "code",
   "execution_count": 60,
   "id": "demographic-mistake",
   "metadata": {},
   "outputs": [
    {
     "data": {
      "text/plain": [
       "array([[ 2, -2,  2, -2],\n",
       "       [-2, -2,  2,  2],\n",
       "       [ 2, -2, -2,  2],\n",
       "       [-2, -2, -2, -2]])"
      ]
     },
     "execution_count": 60,
     "metadata": {},
     "output_type": "execute_result"
    }
   ],
   "source": [
    "np.where(arr > 0, 2, -2)"
   ]
  },
  {
   "cell_type": "markdown",
   "id": "final-yield",
   "metadata": {},
   "source": [
    "Scalars and arrays can be combined when using np.where"
   ]
  },
  {
   "cell_type": "code",
   "execution_count": 61,
   "id": "retired-diesel",
   "metadata": {},
   "outputs": [
    {
     "data": {
      "text/plain": [
       "array([[ 2.        , -1.26033692,  2.        , -0.72796231],\n",
       "       [-0.52453272, -0.41681955,  2.        ,  2.        ],\n",
       "       [ 2.        , -1.42888158, -0.20856032,  2.        ],\n",
       "       [-0.11365413, -0.42516417, -0.70645726, -0.11342193]])"
      ]
     },
     "execution_count": 61,
     "metadata": {},
     "output_type": "execute_result"
    }
   ],
   "source": [
    "np.where(arr > 0, 2, arr)"
   ]
  },
  {
   "cell_type": "markdown",
   "id": "exempt-thong",
   "metadata": {},
   "source": [
    "### Linear Algebra"
   ]
  },
  {
   "cell_type": "code",
   "execution_count": 62,
   "id": "abandoned-tract",
   "metadata": {},
   "outputs": [],
   "source": [
    "from numpy.linalg import inv, qr"
   ]
  },
  {
   "cell_type": "code",
   "execution_count": 63,
   "id": "cooperative-verse",
   "metadata": {},
   "outputs": [],
   "source": [
    "X = np.random.randn(5,5)"
   ]
  },
  {
   "cell_type": "code",
   "execution_count": 64,
   "id": "sacred-basics",
   "metadata": {},
   "outputs": [],
   "source": [
    "mat = X.T.dot(X)"
   ]
  },
  {
   "cell_type": "code",
   "execution_count": 65,
   "id": "impressive-workshop",
   "metadata": {},
   "outputs": [
    {
     "data": {
      "text/plain": [
       "array([[ 7.2582103 ,  1.17885334, -1.65654003, -1.10729161,  0.46660976],\n",
       "       [ 1.17885334,  2.55516831,  0.01242417,  0.23358498, -1.2174681 ],\n",
       "       [-1.65654003,  0.01242417,  5.76753696,  0.58912954,  1.41904255],\n",
       "       [-1.10729161,  0.23358498,  0.58912954,  0.62209518, -1.85079123],\n",
       "       [ 0.46660976, -1.2174681 ,  1.41904255, -1.85079123, 10.16481085]])"
      ]
     },
     "execution_count": 65,
     "metadata": {},
     "output_type": "execute_result"
    }
   ],
   "source": [
    "mat"
   ]
  },
  {
   "cell_type": "code",
   "execution_count": 66,
   "id": "amino-transition",
   "metadata": {},
   "outputs": [
    {
     "data": {
      "text/plain": [
       "array([[ 0.41869024, -0.21162635, -0.17062708,  2.0173829 ,  0.34657491],\n",
       "       [-0.21162635,  0.52332612,  0.06617941, -0.97743528, -0.11481377],\n",
       "       [-0.17062708,  0.06617941,  0.39835578, -1.79874952, -0.36736601],\n",
       "       [ 2.0173829 , -0.97743528, -1.79874952, 16.12917242,  2.97820654],\n",
       "       [ 0.34657491, -0.11481377, -0.36736601,  2.97820654,  0.66226999]])"
      ]
     },
     "execution_count": 66,
     "metadata": {},
     "output_type": "execute_result"
    }
   ],
   "source": [
    "inv(mat)"
   ]
  },
  {
   "cell_type": "code",
   "execution_count": 67,
   "id": "hidden-neighborhood",
   "metadata": {},
   "outputs": [
    {
     "data": {
      "text/plain": [
       "array([[ 1.00000000e+00,  3.32634361e-17, -2.22764809e-16,\n",
       "        -2.16767932e-15, -4.36329378e-17],\n",
       "       [ 4.78414769e-17,  1.00000000e+00,  9.76149928e-17,\n",
       "        -1.22649333e-15, -2.23917996e-16],\n",
       "       [ 1.96674686e-17, -1.51241558e-16,  1.00000000e+00,\n",
       "         1.49565237e-15,  3.30034538e-16],\n",
       "       [ 3.88373531e-17, -1.56591592e-17,  1.05455694e-17,\n",
       "         1.00000000e+00, -4.19998051e-17],\n",
       "       [ 1.79761657e-16, -1.99398550e-16, -2.39822029e-16,\n",
       "        -2.78100175e-15,  1.00000000e+00]])"
      ]
     },
     "execution_count": 67,
     "metadata": {},
     "output_type": "execute_result"
    }
   ],
   "source": [
    "mat.dot(inv(mat))"
   ]
  },
  {
   "cell_type": "markdown",
   "id": "effective-jefferson",
   "metadata": {},
   "source": [
    "### Pseudorandom Number Generation"
   ]
  },
  {
   "cell_type": "code",
   "execution_count": 68,
   "id": "suspected-investor",
   "metadata": {},
   "outputs": [
    {
     "data": {
      "text/plain": [
       "array([[-0.22272462,  0.63469406, -0.40423339, -0.65965756],\n",
       "       [-0.08472536,  0.52073238,  0.60678083, -0.05704837],\n",
       "       [ 0.41849289,  1.14804255,  1.17698131,  0.58534763],\n",
       "       [ 0.11478178, -0.11168922, -0.33743189, -0.46878779]])"
      ]
     },
     "execution_count": 68,
     "metadata": {},
     "output_type": "execute_result"
    }
   ],
   "source": [
    "samples = np.random.normal(size=(4,4))\n",
    "samples"
   ]
  },
  {
   "cell_type": "code",
   "execution_count": null,
   "id": "completed-ending",
   "metadata": {},
   "outputs": [],
   "source": []
  }
 ],
 "metadata": {
  "kernelspec": {
   "display_name": "Python 3",
   "language": "python",
   "name": "python3"
  },
  "language_info": {
   "codemirror_mode": {
    "name": "ipython",
    "version": 3
   },
   "file_extension": ".py",
   "mimetype": "text/x-python",
   "name": "python",
   "nbconvert_exporter": "python",
   "pygments_lexer": "ipython3",
   "version": "3.7.9"
  }
 },
 "nbformat": 4,
 "nbformat_minor": 5
}
